GENERAL
1 // 001 0001
4
 1.000  0.860  1.100
 1.000 -0.860  1.100
 1.000 -0.860 -1.100
 1.000  0.860 -1.100
 0.650  0.000
GENERAL
2 // 001 0001
4
-1.000 -0.860  1.100
-1.000  0.860  1.100
-1.000  0.860 -1.100
-1.000 -0.860 -1.100
 0.650  0.000
GENERAL
3 // 001 0001
4
-1.000  0.860  1.100
 1.000  0.860  1.100
 1.000  0.860 -1.100
-1.000  0.860 -1.100
 0.860  0.000
GENERAL
4 // 001 0001
4
 1.000 -0.860  1.100
-1.000 -0.860  1.100
-1.000 -0.860 -1.100
 1.000 -0.860 -1.100
 0.860  0.000
GENERAL
5 // 001 0001
4
-1.000  0.860  1.100
-1.000 -0.860  1.100
 1.000 -0.860  1.100
 1.000  0.860  1.100
 0.650  0.000
GENERAL
6 // 001 0001
4
 1.000  0.860 -1.100
 1.000 -0.860 -1.100
-1.000 -0.860 -1.100
-1.000  0.860 -1.100
 0.650  0.000
GENERAL
7 // 000 0002
6
 0.844  0.000  1.120
 0.622  0.385  1.120
 0.178  0.385  1.120
-0.044  0.000  1.120
 0.178 -0.385  1.120
 0.622 -0.385  1.120
 0.650  0.000
GENERAL
8 // 000 0002
4
 0.622  0.385  1.120
 0.844  0.000  1.120
 0.844  0.000  1.100
 0.622  0.385  1.100
 0.650  0.000
GENERAL
9 // 000 0002
4
 0.178  0.385  1.120
 0.622  0.385  1.120
 0.622  0.385  1.100
 0.178  0.385  1.100
 0.650  0.000
GENERAL
10 // 000 0002
4
-0.044  0.000  1.120
 0.178  0.385  1.120
 0.178  0.385  1.100
-0.044  0.000  1.100
 0.650  0.000
GENERAL
11 // 000 0002
4
 0.178 -0.385  1.120
-0.044  0.000  1.120
-0.044  0.000  1.100
 0.178 -0.385  1.100
 0.650  0.000
GENERAL
12 // 000 0002
4
 0.622 -0.385  1.120
 0.178 -0.385  1.120
 0.178 -0.385  1.100
 0.622 -0.385  1.100
 0.650  0.000
GENERAL
13 // 000 0002
4
 0.844  0.000  1.120
 0.622 -0.385  1.120
 0.622 -0.385  1.100
 0.844  0.000  1.100
 0.650  0.000
CYL_X
14 // 000 0003
 0.030
 0.400  0.000  1.120
 0.400  0.000  1.420
 0.650  0.000
TCONEO
15 // 000 0003
 0.100
 0.030
 0.050
 0.400  0.000  1.420 
 0.400  0.000  1.520 
 0.650  0.000
CIRCLE
16 // 000 0003
 0.015
 0.400  0.000  1.470 
 0.400  0.015  1.470 
 0.405  0.014  1.470 
 0.650  0.000
CYL_X
17 // 000 0003
 0.030
 0.555  0.089  1.120
 0.555  0.089  1.420
 0.650  0.000
TCONEO
18 // 000 0003
 0.100
 0.030
 0.050
 0.555  0.089  1.420 
 0.555  0.089  1.520 
 0.650  0.000
CIRCLE
19 // 000 0003
 0.015
 0.555  0.089  1.470 
 0.555  0.104  1.470 
 0.559  0.104  1.470 
 0.650  0.000
CYL_X
20 // 000 0003
 0.030
 0.400  0.179  1.120
 0.400  0.179  1.420
 0.650  0.000
TCONEO
21 // 000 0003
 0.100
 0.030
 0.050
 0.400  0.179  1.420 
 0.400  0.179  1.520 
 0.650  0.000
CIRCLE
22 // 000 0003
 0.015
 0.400  0.179  1.470 
 0.400  0.194  1.470 
 0.405  0.193  1.470 
 0.650  0.000
CYL_X
23 // 000 0003
 0.030
 0.245  0.089  1.120
 0.245  0.089  1.420
 0.650  0.000
TCONEO
24 // 000 0003
 0.100
 0.030
 0.050
 0.245  0.089  1.420 
 0.245  0.089  1.520 
 0.650  0.000
CIRCLE
25 // 000 0003
 0.015
 0.245  0.089  1.470 
 0.245  0.104  1.470 
 0.250  0.104  1.470 
 0.650  0.000
CYL_X
26 // 000 0003
 0.030
 0.245 -0.089  1.120
 0.245 -0.089  1.420
 0.650  0.000
TCONEO
27 // 000 0003
 0.100
 0.030
 0.050
 0.245 -0.089  1.420 
 0.245 -0.089  1.520 
 0.650  0.000
CIRCLE
28 // 000 0003
 0.015
 0.245 -0.089  1.470 
 0.245 -0.074  1.470 
 0.250 -0.075  1.470 
 0.650  0.000
CYL_X
29 // 000 0003
 0.030
 0.400 -0.179  1.120
 0.400 -0.179  1.420
 0.650  0.000
TCONEO
30 // 000 0003
 0.100
 0.030
 0.050
 0.400 -0.179  1.420 
 0.400 -0.179  1.520 
 0.650  0.000
CIRCLE
31 // 000 0003
 0.015
 0.400 -0.179  1.470 
 0.400 -0.164  1.470 
 0.405 -0.164  1.470 
 0.650  0.000
CYL_X
32 // 000 0003
 0.030
 0.555 -0.089  1.120
 0.555 -0.089  1.420
 0.650  0.000
TCONEO
33 // 000 0003
 0.100
 0.030
 0.050
 0.555 -0.089  1.420 
 0.555 -0.089  1.520 
 0.650  0.000
CIRCLE
34 // 000 0003
 0.015
 0.555 -0.089  1.470 
 0.555 -0.074  1.470 
 0.559 -0.075  1.470 
 0.650  0.000
CYL_X
35 // 000 0003
 0.030
 0.733  0.089  1.120
 0.733  0.089  1.420
 0.650  0.000
TCONEO
36 // 000 0003
 0.100
 0.030
 0.050
 0.733  0.089  1.420 
 0.733  0.089  1.520 
 0.650  0.000
CIRCLE
37 // 000 0003
 0.015
 0.733  0.089  1.470 
 0.733  0.104  1.470 
 0.738  0.104  1.470 
 0.650  0.000
CYL_X
38 // 000 0003
 0.030
 0.644  0.244  1.120
 0.644  0.244  1.420
 0.650  0.000
TCONEO
39 // 000 0003
 0.100
 0.030
 0.050
 0.644  0.244  1.420 
 0.644  0.244  1.520 
 0.650  0.000
CIRCLE
40 // 000 0003
 0.015
 0.644  0.244  1.470 
 0.644  0.259  1.470 
 0.649  0.258  1.470 
 0.650  0.000
CYL_X
41 // 000 0003
 0.030
 0.489  0.333  1.120
 0.489  0.333  1.420
 0.650  0.000
TCONEO
42 // 000 0003
 0.100
 0.030
 0.050
 0.489  0.333  1.420 
 0.489  0.333  1.520 
 0.650  0.000
CIRCLE
43 // 000 0003
 0.015
 0.489  0.333  1.470 
 0.489  0.348  1.470 
 0.494  0.348  1.470 
 0.650  0.000
CYL_X
44 // 000 0003
 0.030
 0.311  0.333  1.120
 0.311  0.333  1.420
 0.650  0.000
TCONEO
45 // 000 0003
 0.100
 0.030
 0.050
 0.311  0.333  1.420 
 0.311  0.333  1.520 
 0.650  0.000
CIRCLE
46 // 000 0003
 0.015
 0.311  0.333  1.470 
 0.311  0.348  1.470 
 0.315  0.348  1.470 
 0.650  0.000
CYL_X
47 // 000 0003
 0.030
 0.156  0.244  1.120
 0.156  0.244  1.420
 0.650  0.000
TCONEO
48 // 000 0003
 0.100
 0.030
 0.050
 0.156  0.244  1.420 
 0.156  0.244  1.520 
 0.650  0.000
CIRCLE
49 // 000 0003
 0.015
 0.156  0.244  1.470 
 0.156  0.259  1.470 
 0.161  0.258  1.470 
 0.650  0.000
CYL_X
50 // 000 0003
 0.030
 0.067  0.089  1.120
 0.067  0.089  1.420
 0.650  0.000
TCONEO
51 // 000 0003
 0.100
 0.030
 0.050
 0.067  0.089  1.420 
 0.067  0.089  1.520 
 0.650  0.000
CIRCLE
52 // 000 0003
 0.015
 0.067  0.089  1.470 
 0.067  0.104  1.470 
 0.071  0.104  1.470 
 0.650  0.000
CYL_X
53 // 000 0003
 0.030
 0.067 -0.089  1.120
 0.067 -0.089  1.420
 0.650  0.000
TCONEO
54 // 000 0003
 0.100
 0.030
 0.050
 0.067 -0.089  1.420 
 0.067 -0.089  1.520 
 0.650  0.000
CIRCLE
55 // 000 0003
 0.015
 0.067 -0.089  1.470 
 0.067 -0.074  1.470 
 0.071 -0.075  1.470 
 0.650  0.000
CYL_X
56 // 000 0003
 0.030
 0.156 -0.244  1.120
 0.156 -0.244  1.420
 0.650  0.000
TCONEO
57 // 000 0003
 0.100
 0.030
 0.050
 0.156 -0.244  1.420 
 0.156 -0.244  1.520 
 0.650  0.000
CIRCLE
58 // 000 0003
 0.015
 0.156 -0.244  1.470 
 0.156 -0.229  1.470 
 0.161 -0.230  1.470 
 0.650  0.000
CYL_X
59 // 000 0003
 0.030
 0.311 -0.333  1.120
 0.311 -0.333  1.420
 0.650  0.000
TCONEO
60 // 000 0003
 0.100
 0.030
 0.050
 0.311 -0.333  1.420 
 0.311 -0.333  1.520 
 0.650  0.000
CIRCLE
61 // 000 0003
 0.015
 0.311 -0.333  1.470 
 0.311 -0.318  1.470 
 0.315 -0.319  1.470 
 0.650  0.000
CYL_X
62 // 000 0003
 0.030
 0.489 -0.333  1.120
 0.489 -0.333  1.420
 0.650  0.000
TCONEO
63 // 000 0003
 0.100
 0.030
 0.050
 0.489 -0.333  1.420 
 0.489 -0.333  1.520 
 0.650  0.000
CIRCLE
64 // 000 0003
 0.015
 0.489 -0.333  1.470 
 0.489 -0.318  1.470 
 0.494 -0.319  1.470 
 0.650  0.000
CYL_X
65 // 000 0003
 0.030
 0.644 -0.244  1.120
 0.644 -0.244  1.420
 0.650  0.000
TCONEO
66 // 000 0003
 0.100
 0.030
 0.050
 0.644 -0.244  1.420 
 0.644 -0.244  1.520 
 0.650  0.000
CIRCLE
67 // 000 0003
 0.015
 0.644 -0.244  1.470 
 0.644 -0.229  1.470 
 0.649 -0.230  1.470 
 0.650  0.000
CYL_X
68 // 000 0003
 0.030
 0.733 -0.089  1.120
 0.733 -0.089  1.420
 0.650  0.000
TCONEO
69 // 000 0003
 0.100
 0.030
 0.050
 0.733 -0.089  1.420 
 0.733 -0.089  1.520 
 0.650  0.000
CIRCLE
70 // 000 0003
 0.015
 0.733 -0.089  1.470 
 0.733 -0.074  1.470 
 0.738 -0.075  1.470 
 0.650  0.000
CYL_X
71 // 000 0003
 0.030
-0.200  0.287  1.100
-0.200  0.287  1.400
 0.650  0.000
CIRCLE
72 // 000 0003
 0.030
-0.200  0.287  1.400 
-0.200  0.317  1.400 
-0.221  0.308  1.400 
 0.650  0.000
CYL_X
73 // 000 0003
 0.030
-0.200 -0.287  1.100
-0.200 -0.287  1.400
 0.650  0.000
CIRCLE
74 // 000 0003
 0.030
-0.200 -0.287  1.400 
-0.200 -0.257  1.400 
-0.221 -0.265  1.400 
 0.650  0.000
GENERAL
75 // 000 0004
6
-0.267 -0.366  1.120
-0.500 -0.231  1.120
-0.733 -0.366  1.120
-0.733 -0.634  1.120
-0.500 -0.768  1.120
-0.267 -0.634  1.120
 0.650  0.000
GENERAL
76 // 000 0004
4
-0.500 -0.231  1.120
-0.267 -0.366  1.120
-0.267 -0.366  1.100
-0.500 -0.231  1.100
 0.650  0.000
GENERAL
77 // 000 0004
4
-0.733 -0.366  1.120
-0.500 -0.231  1.120
-0.500 -0.231  1.100
-0.733 -0.366  1.100
 0.650  0.000
GENERAL
78 // 000 0004
4
-0.733 -0.634  1.120
-0.733 -0.366  1.120
-0.733 -0.366  1.100
-0.733 -0.634  1.100
 0.650  0.000
GENERAL
79 // 000 0004
4
-0.500 -0.768  1.120
-0.733 -0.634  1.120
-0.733 -0.634  1.100
-0.500 -0.768  1.100
 0.650  0.000
GENERAL
80 // 000 0004
4
-0.267 -0.634  1.120
-0.500 -0.768  1.120
-0.500 -0.768  1.100
-0.267 -0.634  1.100
 0.650  0.000
GENERAL
81 // 000 0004
4
-0.267 -0.366  1.120
-0.267 -0.634  1.120
-0.267 -0.634  1.100
-0.267 -0.366  1.100
 0.650  0.000
CIRCLE
82 // 000 0004
 0.010
-0.500 -0.500  1.121 
-0.500 -0.490  1.121 
-0.509 -0.497  1.121 
 0.930  0.990
CYL_X
83 // 000 0004
 0.017
-0.459 -0.476  1.100
-0.459 -0.476  1.124
 0.930  0.990
CYL_X
84 // 000 0004
 0.019
-0.459 -0.476  1.100
-0.459 -0.476  1.124
 0.930  0.990
RING
85 // 000 0004
 0.019
 0.017
-0.459 -0.476  1.124 
-0.459 -0.458  1.124 
-0.477 -0.471  1.124 
 0.930  0.990
CIRCLE
86 // 000 0004
 0.017
-0.459 -0.476  1.123 
-0.459 -0.460  1.123 
-0.475 -0.472  1.123 
 0.930  0.990
CYL_X
87 // 000 0004
 0.017
-0.500 -0.453  1.100
-0.500 -0.453  1.124
 0.930  0.990
CYL_X
88 // 000 0004
 0.019
-0.500 -0.453  1.100
-0.500 -0.453  1.124
 0.930  0.990
RING
89 // 000 0004
 0.019
 0.017
-0.500 -0.453  1.124 
-0.500 -0.434  1.124 
-0.518 -0.447  1.124 
 0.930  0.990
CIRCLE
90 // 000 0004
 0.017
-0.500 -0.453  1.123 
-0.500 -0.436  1.123 
-0.516 -0.448  1.123 
 0.930  0.990
CYL_X
91 // 000 0004
 0.017
-0.541 -0.476  1.100
-0.541 -0.476  1.124
 0.930  0.990
CYL_X
92 // 000 0004
 0.019
-0.541 -0.476  1.100
-0.541 -0.476  1.124
 0.930  0.990
RING
93 // 000 0004
 0.019
 0.017
-0.541 -0.476  1.124 
-0.541 -0.458  1.124 
-0.559 -0.471  1.124 
 0.930  0.990
CIRCLE
94 // 000 0004
 0.017
-0.541 -0.476  1.123 
-0.541 -0.460  1.123 
-0.557 -0.472  1.123 
 0.930  0.990
CYL_X
95 // 000 0004
 0.017
-0.541 -0.524  1.100
-0.541 -0.524  1.124
 0.930  0.990
CYL_X
96 // 000 0004
 0.019
-0.541 -0.524  1.100
-0.541 -0.524  1.124
 0.930  0.990
RING
97 // 000 0004
 0.019
 0.017
-0.541 -0.524  1.124 
-0.541 -0.505  1.124 
-0.559 -0.518  1.124 
 0.930  0.990
CIRCLE
98 // 000 0004
 0.017
-0.541 -0.524  1.123 
-0.541 -0.507  1.123 
-0.557 -0.519  1.123 
 0.930  0.990
CYL_X
99 // 000 0004
 0.017
-0.500 -0.547  1.100
-0.500 -0.547  1.124
 0.930  0.990
CYL_X
100 // 000 0004
 0.019
-0.500 -0.547  1.100
-0.500 -0.547  1.124
 0.930  0.990
RING
101 // 000 0004
 0.019
 0.017
-0.500 -0.547  1.124 
-0.500 -0.529  1.124 
-0.518 -0.542  1.124 
 0.930  0.990
CIRCLE
102 // 000 0004
 0.017
-0.500 -0.547  1.123 
-0.500 -0.531  1.123 
-0.516 -0.543  1.123 
 0.930  0.990
CYL_X
103 // 000 0004
 0.017
-0.459 -0.524  1.100
-0.459 -0.524  1.124
 0.930  0.990
CYL_X
104 // 000 0004
 0.019
-0.459 -0.524  1.100
-0.459 -0.524  1.124
 0.930  0.990
RING
105 // 000 0004
 0.019
 0.017
-0.459 -0.524  1.124 
-0.459 -0.505  1.124 
-0.477 -0.518  1.124 
 0.930  0.990
CIRCLE
106 // 000 0004
 0.017
-0.459 -0.524  1.123 
-0.459 -0.507  1.123 
-0.475 -0.519  1.123 
 0.930  0.990
CYL_X
107 // 000 0004
 0.017
-0.418 -0.453  1.100
-0.418 -0.453  1.124
 0.930  0.990
CYL_X
108 // 000 0004
 0.019
-0.418 -0.453  1.100
-0.418 -0.453  1.124
 0.930  0.990
RING
109 // 000 0004
 0.019
 0.017
-0.418 -0.453  1.124 
-0.418 -0.434  1.124 
-0.435 -0.447  1.124 
 0.930  0.990
CIRCLE
110 // 000 0004
 0.017
-0.418 -0.453  1.123 
-0.418 -0.436  1.123 
-0.434 -0.448  1.123 
 0.930  0.990
CYL_X
111 // 000 0004
 0.017
-0.459 -0.429  1.100
-0.459 -0.429  1.124
 0.930  0.990
CYL_X
112 // 000 0004
 0.019
-0.459 -0.429  1.100
-0.459 -0.429  1.124
 0.930  0.990
RING
113 // 000 0004
 0.019
 0.017
-0.459 -0.429  1.124 
-0.459 -0.410  1.124 
-0.477 -0.423  1.124 
 0.930  0.990
CIRCLE
114 // 000 0004
 0.017
-0.459 -0.429  1.123 
-0.459 -0.412  1.123 
-0.475 -0.424  1.123 
 0.930  0.990
CYL_X
115 // 000 0004
 0.017
-0.500 -0.405  1.100
-0.500 -0.405  1.124
 0.930  0.990
CYL_X
116 // 000 0004
 0.019
-0.500 -0.405  1.100
-0.500 -0.405  1.124
 0.930  0.990
RING
117 // 000 0004
 0.019
 0.017
-0.500 -0.405  1.124 
-0.500 -0.387  1.124 
-0.518 -0.400  1.124 
 0.930  0.990
CIRCLE
118 // 000 0004
 0.017
-0.500 -0.405  1.123 
-0.500 -0.389  1.123 
-0.516 -0.400  1.123 
 0.930  0.990
CYL_X
119 // 000 0004
 0.017
-0.541 -0.429  1.100
-0.541 -0.429  1.124
 0.930  0.990
CYL_X
120 // 000 0004
 0.019
-0.541 -0.429  1.100
-0.541 -0.429  1.124
 0.930  0.990
RING
121 // 000 0004
 0.019
 0.017
-0.541 -0.429  1.124 
-0.541 -0.410  1.124 
-0.559 -0.423  1.124 
 0.930  0.990
CIRCLE
122 // 000 0004
 0.017
-0.541 -0.429  1.123 
-0.541 -0.412  1.123 
-0.557 -0.424  1.123 
 0.930  0.990
CYL_X
123 // 000 0004
 0.017
-0.582 -0.453  1.100
-0.582 -0.453  1.124
 0.930  0.990
CYL_X
124 // 000 0004
 0.019
-0.582 -0.453  1.100
-0.582 -0.453  1.124
 0.930  0.990
RING
125 // 000 0004
 0.019
 0.017
-0.582 -0.453  1.124 
-0.582 -0.434  1.124 
-0.600 -0.447  1.124 
 0.930  0.990
CIRCLE
126 // 000 0004
 0.017
-0.582 -0.453  1.123 
-0.582 -0.436  1.123 
-0.598 -0.448  1.123 
 0.930  0.990
CYL_X
127 // 000 0004
 0.017
-0.582 -0.500  1.100
-0.582 -0.500  1.124
 0.930  0.990
CYL_X
128 // 000 0004
 0.019
-0.582 -0.500  1.100
-0.582 -0.500  1.124
 0.930  0.990
RING
129 // 000 0004
 0.019
 0.017
-0.582 -0.500  1.124 
-0.582 -0.481  1.124 
-0.600 -0.495  1.124 
 0.930  0.990
CIRCLE
130 // 000 0004
 0.017
-0.582 -0.500  1.123 
-0.582 -0.483  1.123 
-0.598 -0.495  1.123 
 0.930  0.990
CYL_X
131 // 000 0004
 0.017
-0.582 -0.547  1.100
-0.582 -0.547  1.124
 0.930  0.990
CYL_X
132 // 000 0004
 0.019
-0.582 -0.547  1.100
-0.582 -0.547  1.124
 0.930  0.990
RING
133 // 000 0004
 0.019
 0.017
-0.582 -0.547  1.124 
-0.582 -0.529  1.124 
-0.600 -0.542  1.124 
 0.930  0.990
CIRCLE
134 // 000 0004
 0.017
-0.582 -0.547  1.123 
-0.582 -0.531  1.123 
-0.598 -0.543  1.123 
 0.930  0.990
CYL_X
135 // 000 0004
 0.017
-0.541 -0.571  1.100
-0.541 -0.571  1.124
 0.930  0.990
CYL_X
136 // 000 0004
 0.019
-0.541 -0.571  1.100
-0.541 -0.571  1.124
 0.930  0.990
RING
137 // 000 0004
 0.019
 0.017
-0.541 -0.571  1.124 
-0.541 -0.553  1.124 
-0.559 -0.566  1.124 
 0.930  0.990
CIRCLE
138 // 000 0004
 0.017
-0.541 -0.571  1.123 
-0.541 -0.555  1.123 
-0.557 -0.567  1.123 
 0.930  0.990
CYL_X
139 // 000 0004
 0.017
-0.500 -0.595  1.100
-0.500 -0.595  1.124
 0.930  0.990
CYL_X
140 // 000 0004
 0.019
-0.500 -0.595  1.100
-0.500 -0.595  1.124
 0.930  0.990
RING
141 // 000 0004
 0.019
 0.017
-0.500 -0.595  1.124 
-0.500 -0.577  1.124 
-0.518 -0.590  1.124 
 0.930  0.990
CIRCLE
142 // 000 0004
 0.017
-0.500 -0.595  1.123 
-0.500 -0.579  1.123 
-0.516 -0.590  1.123 
 0.930  0.990
CYL_X
143 // 000 0004
 0.017
-0.459 -0.571  1.100
-0.459 -0.571  1.124
 0.930  0.990
CYL_X
144 // 000 0004
 0.019
-0.459 -0.571  1.100
-0.459 -0.571  1.124
 0.930  0.990
RING
145 // 000 0004
 0.019
 0.017
-0.459 -0.571  1.124 
-0.459 -0.553  1.124 
-0.477 -0.566  1.124 
 0.930  0.990
CIRCLE
146 // 000 0004
 0.017
-0.459 -0.571  1.123 
-0.459 -0.555  1.123 
-0.475 -0.567  1.123 
 0.930  0.990
CYL_X
147 // 000 0004
 0.017
-0.418 -0.547  1.100
-0.418 -0.547  1.124
 0.930  0.990
CYL_X
148 // 000 0004
 0.019
-0.418 -0.547  1.100
-0.418 -0.547  1.124
 0.930  0.990
RING
149 // 000 0004
 0.019
 0.017
-0.418 -0.547  1.124 
-0.418 -0.529  1.124 
-0.435 -0.542  1.124 
 0.930  0.990
CIRCLE
150 // 000 0004
 0.017
-0.418 -0.547  1.123 
-0.418 -0.531  1.123 
-0.434 -0.543  1.123 
 0.930  0.990
CYL_X
151 // 000 0004
 0.017
-0.418 -0.500  1.100
-0.418 -0.500  1.124
 0.930  0.990
CYL_X
152 // 000 0004
 0.019
-0.418 -0.500  1.100
-0.418 -0.500  1.124
 0.930  0.990
RING
153 // 000 0004
 0.019
 0.017
-0.418 -0.500  1.124 
-0.418 -0.481  1.124 
-0.435 -0.495  1.124 
 0.930  0.990
CIRCLE
154 // 000 0004
 0.017
-0.418 -0.500  1.123 
-0.418 -0.483  1.123 
-0.434 -0.495  1.123 
 0.930  0.990
CYL_X
155 // 000 0004
 0.017
-0.377 -0.429  1.100
-0.377 -0.429  1.124
 0.930  0.990
CYL_X
156 // 000 0004
 0.019
-0.377 -0.429  1.100
-0.377 -0.429  1.124
 0.930  0.990
RING
157 // 000 0004
 0.019
 0.017
-0.377 -0.429  1.124 
-0.377 -0.410  1.124 
-0.394 -0.423  1.124 
 0.930  0.990
CIRCLE
158 // 000 0004
 0.017
-0.377 -0.429  1.123 
-0.377 -0.412  1.123 
-0.392 -0.424  1.123 
 0.930  0.990
CYL_X
159 // 000 0004
 0.017
-0.418 -0.405  1.100
-0.418 -0.405  1.124
 0.930  0.990
CYL_X
160 // 000 0004
 0.019
-0.418 -0.405  1.100
-0.418 -0.405  1.124
 0.930  0.990
RING
161 // 000 0004
 0.019
 0.017
-0.418 -0.405  1.124 
-0.418 -0.386  1.124 
-0.435 -0.400  1.124 
 0.930  0.990
CIRCLE
162 // 000 0004
 0.017
-0.418 -0.405  1.123 
-0.418 -0.388  1.123 
-0.434 -0.400  1.123 
 0.930  0.990
CYL_X
163 // 000 0004
 0.017
-0.459 -0.381  1.100
-0.459 -0.381  1.124
 0.930  0.990
CYL_X
164 // 000 0004
 0.019
-0.459 -0.381  1.100
-0.459 -0.381  1.124
 0.930  0.990
RING
165 // 000 0004
 0.019
 0.017
-0.459 -0.381  1.124 
-0.459 -0.363  1.124 
-0.477 -0.376  1.124 
 0.930  0.990
CIRCLE
166 // 000 0004
 0.017
-0.459 -0.381  1.123 
-0.459 -0.365  1.123 
-0.475 -0.377  1.123 
 0.930  0.990
CYL_X
167 // 000 0004
 0.017
-0.500 -0.357  1.100
-0.500 -0.357  1.124
 0.930  0.990
CYL_X
168 // 000 0004
 0.019
-0.500 -0.357  1.100
-0.500 -0.357  1.124
 0.930  0.990
RING
169 // 000 0004
 0.019
 0.017
-0.500 -0.357  1.124 
-0.500 -0.339  1.124 
-0.518 -0.352  1.124 
 0.930  0.990
CIRCLE
170 // 000 0004
 0.017
-0.500 -0.357  1.123 
-0.500 -0.341  1.123 
-0.516 -0.353  1.123 
 0.930  0.990
CYL_X
171 // 000 0004
 0.017
-0.541 -0.381  1.100
-0.541 -0.381  1.124
 0.930  0.990
CYL_X
172 // 000 0004
 0.019
-0.541 -0.381  1.100
-0.541 -0.381  1.124
 0.930  0.990
RING
173 // 000 0004
 0.019
 0.017
-0.541 -0.381  1.124 
-0.541 -0.363  1.124 
-0.559 -0.376  1.124 
 0.930  0.990
CIRCLE
174 // 000 0004
 0.017
-0.541 -0.381  1.123 
-0.541 -0.365  1.123 
-0.557 -0.377  1.123 
 0.930  0.990
CYL_X
175 // 000 0004
 0.017
-0.582 -0.405  1.100
-0.582 -0.405  1.124
 0.930  0.990
CYL_X
176 // 000 0004
 0.019
-0.582 -0.405  1.100
-0.582 -0.405  1.124
 0.930  0.990
RING
177 // 000 0004
 0.019
 0.017
-0.582 -0.405  1.124 
-0.582 -0.386  1.124 
-0.600 -0.400  1.124 
 0.930  0.990
CIRCLE
178 // 000 0004
 0.017
-0.582 -0.405  1.123 
-0.582 -0.388  1.123 
-0.598 -0.400  1.123 
 0.930  0.990
CYL_X
179 // 000 0004
 0.017
-0.623 -0.429  1.100
-0.623 -0.429  1.124
 0.930  0.990
CYL_X
180 // 000 0004
 0.019
-0.623 -0.429  1.100
-0.623 -0.429  1.124
 0.930  0.990
RING
181 // 000 0004
 0.019
 0.017
-0.623 -0.429  1.124 
-0.623 -0.410  1.124 
-0.641 -0.423  1.124 
 0.930  0.990
CIRCLE
182 // 000 0004
 0.017
-0.623 -0.429  1.123 
-0.623 -0.412  1.123 
-0.639 -0.424  1.123 
 0.930  0.990
CYL_X
183 // 000 0004
 0.017
-0.623 -0.476  1.100
-0.623 -0.476  1.124
 0.930  0.990
CYL_X
184 // 000 0004
 0.019
-0.623 -0.476  1.100
-0.623 -0.476  1.124
 0.930  0.990
RING
185 // 000 0004
 0.019
 0.017
-0.623 -0.476  1.124 
-0.623 -0.458  1.124 
-0.641 -0.471  1.124 
 0.930  0.990
CIRCLE
186 // 000 0004
 0.017
-0.623 -0.476  1.123 
-0.623 -0.460  1.123 
-0.639 -0.472  1.123 
 0.930  0.990
CYL_X
187 // 000 0004
 0.017
-0.623 -0.524  1.100
-0.623 -0.524  1.124
 0.930  0.990
CYL_X
188 // 000 0004
 0.019
-0.623 -0.524  1.100
-0.623 -0.524  1.124
 0.930  0.990
RING
189 // 000 0004
 0.019
 0.017
-0.623 -0.524  1.124 
-0.623 -0.505  1.124 
-0.641 -0.518  1.124 
 0.930  0.990
CIRCLE
190 // 000 0004
 0.017
-0.623 -0.524  1.123 
-0.623 -0.507  1.123 
-0.639 -0.519  1.123 
 0.930  0.990
CYL_X
191 // 000 0004
 0.017
-0.623 -0.571  1.100
-0.623 -0.571  1.124
 0.930  0.990
CYL_X
192 // 000 0004
 0.019
-0.623 -0.571  1.100
-0.623 -0.571  1.124
 0.930  0.990
RING
193 // 000 0004
 0.019
 0.017
-0.623 -0.571  1.124 
-0.623 -0.553  1.124 
-0.641 -0.566  1.124 
 0.930  0.990
CIRCLE
194 // 000 0004
 0.017
-0.623 -0.571  1.123 
-0.623 -0.555  1.123 
-0.639 -0.567  1.123 
 0.930  0.990
CYL_X
195 // 000 0004
 0.017
-0.582 -0.595  1.100
-0.582 -0.595  1.124
 0.930  0.990
CYL_X
196 // 000 0004
 0.019
-0.582 -0.595  1.100
-0.582 -0.595  1.124
 0.930  0.990
RING
197 // 000 0004
 0.019
 0.017
-0.582 -0.595  1.124 
-0.582 -0.577  1.124 
-0.600 -0.590  1.124 
 0.930  0.990
CIRCLE
198 // 000 0004
 0.017
-0.582 -0.595  1.123 
-0.582 -0.579  1.123 
-0.598 -0.590  1.123 
 0.930  0.990
CYL_X
199 // 000 0004
 0.017
-0.541 -0.619  1.100
-0.541 -0.619  1.124
 0.930  0.990
CYL_X
200 // 000 0004
 0.019
-0.541 -0.619  1.100
-0.541 -0.619  1.124
 0.930  0.990
RING
201 // 000 0004
 0.019
 0.017
-0.541 -0.619  1.124 
-0.541 -0.600  1.124 
-0.559 -0.613  1.124 
 0.930  0.990
CIRCLE
202 // 000 0004
 0.017
-0.541 -0.619  1.123 
-0.541 -0.602  1.123 
-0.557 -0.614  1.123 
 0.930  0.990
CYL_X
203 // 000 0004
 0.017
-0.500 -0.643  1.100
-0.500 -0.643  1.124
 0.930  0.990
CYL_X
204 // 000 0004
 0.019
-0.500 -0.643  1.100
-0.500 -0.643  1.124
 0.930  0.990
RING
205 // 000 0004
 0.019
 0.017
-0.500 -0.643  1.124 
-0.500 -0.624  1.124 
-0.518 -0.637  1.124 
 0.930  0.990
CIRCLE
206 // 000 0004
 0.017
-0.500 -0.643  1.123 
-0.500 -0.626  1.123 
-0.516 -0.638  1.123 
 0.930  0.990
CYL_X
207 // 000 0004
 0.017
-0.459 -0.619  1.100
-0.459 -0.619  1.124
 0.930  0.990
CYL_X
208 // 000 0004
 0.019
-0.459 -0.619  1.100
-0.459 -0.619  1.124
 0.930  0.990
RING
209 // 000 0004
 0.019
 0.017
-0.459 -0.619  1.124 
-0.459 -0.600  1.124 
-0.477 -0.613  1.124 
 0.930  0.990
CIRCLE
210 // 000 0004
 0.017
-0.459 -0.619  1.123 
-0.459 -0.602  1.123 
-0.475 -0.614  1.123 
 0.930  0.990
CYL_X
211 // 000 0004
 0.017
-0.418 -0.595  1.100
-0.418 -0.595  1.124
 0.930  0.990
CYL_X
212 // 000 0004
 0.019
-0.418 -0.595  1.100
-0.418 -0.595  1.124
 0.930  0.990
RING
213 // 000 0004
 0.019
 0.017
-0.418 -0.595  1.124 
-0.418 -0.577  1.124 
-0.435 -0.590  1.124 
 0.930  0.990
CIRCLE
214 // 000 0004
 0.017
-0.418 -0.595  1.123 
-0.418 -0.579  1.123 
-0.434 -0.590  1.123 
 0.930  0.990
CYL_X
215 // 000 0004
 0.017
-0.377 -0.571  1.100
-0.377 -0.571  1.124
 0.930  0.990
CYL_X
216 // 000 0004
 0.019
-0.377 -0.571  1.100
-0.377 -0.571  1.124
 0.930  0.990
RING
217 // 000 0004
 0.019
 0.017
-0.377 -0.571  1.124 
-0.377 -0.553  1.124 
-0.394 -0.566  1.124 
 0.930  0.990
CIRCLE
218 // 000 0004
 0.017
-0.377 -0.571  1.123 
-0.377 -0.555  1.123 
-0.392 -0.567  1.123 
 0.930  0.990
CYL_X
219 // 000 0004
 0.017
-0.377 -0.524  1.100
-0.377 -0.524  1.124
 0.930  0.990
CYL_X
220 // 000 0004
 0.019
-0.377 -0.524  1.100
-0.377 -0.524  1.124
 0.930  0.990
RING
221 // 000 0004
 0.019
 0.017
-0.377 -0.524  1.124 
-0.377 -0.505  1.124 
-0.394 -0.518  1.124 
 0.930  0.990
CIRCLE
222 // 000 0004
 0.017
-0.377 -0.524  1.123 
-0.377 -0.507  1.123 
-0.392 -0.519  1.123 
 0.930  0.990
CYL_X
223 // 000 0004
 0.017
-0.377 -0.476  1.100
-0.377 -0.476  1.124
 0.930  0.990
CYL_X
224 // 000 0004
 0.019
-0.377 -0.476  1.100
-0.377 -0.476  1.124
 0.930  0.990
RING
225 // 000 0004
 0.019
 0.017
-0.377 -0.476  1.124 
-0.377 -0.458  1.124 
-0.394 -0.471  1.124 
 0.930  0.990
CIRCLE
226 // 000 0004
 0.017
-0.377 -0.476  1.123 
-0.377 -0.460  1.123 
-0.392 -0.472  1.123 
 0.930  0.990
CYL_X
227 // 000 0004
 0.017
-0.335 -0.405  1.100
-0.335 -0.405  1.124
 0.930  0.990
CYL_X
228 // 000 0004
 0.019
-0.335 -0.405  1.100
-0.335 -0.405  1.124
 0.930  0.990
RING
229 // 000 0004
 0.019
 0.017
-0.335 -0.405  1.124 
-0.335 -0.387  1.124 
-0.353 -0.400  1.124 
 0.930  0.990
CIRCLE
230 // 000 0004
 0.017
-0.335 -0.405  1.123 
-0.335 -0.389  1.123 
-0.351 -0.400  1.123 
 0.930  0.990
CYL_X
231 // 000 0004
 0.017
-0.377 -0.381  1.100
-0.377 -0.381  1.124
 0.930  0.990
CYL_X
232 // 000 0004
 0.019
-0.377 -0.381  1.100
-0.377 -0.381  1.124
 0.930  0.990
RING
233 // 000 0004
 0.019
 0.017
-0.377 -0.381  1.124 
-0.377 -0.363  1.124 
-0.394 -0.376  1.124 
 0.930  0.990
CIRCLE
234 // 000 0004
 0.017
-0.377 -0.381  1.123 
-0.377 -0.365  1.123 
-0.392 -0.377  1.123 
 0.930  0.990
CYL_X
235 // 000 0004
 0.017
-0.418 -0.358  1.100
-0.418 -0.358  1.124
 0.930  0.990
CYL_X
236 // 000 0004
 0.019
-0.418 -0.358  1.100
-0.418 -0.358  1.124
 0.930  0.990
RING
237 // 000 0004
 0.019
 0.017
-0.418 -0.358  1.124 
-0.418 -0.339  1.124 
-0.435 -0.352  1.124 
 0.930  0.990
CIRCLE
238 // 000 0004
 0.017
-0.418 -0.358  1.123 
-0.418 -0.341  1.123 
-0.434 -0.353  1.123 
 0.930  0.990
CYL_X
239 // 000 0004
 0.017
-0.459 -0.334  1.100
-0.459 -0.334  1.124
 0.930  0.990
CYL_X
240 // 000 0004
 0.019
-0.459 -0.334  1.100
-0.459 -0.334  1.124
 0.930  0.990
RING
241 // 000 0004
 0.019
 0.017
-0.459 -0.334  1.124 
-0.459 -0.315  1.124 
-0.477 -0.328  1.124 
 0.930  0.990
CIRCLE
242 // 000 0004
 0.017
-0.459 -0.334  1.123 
-0.459 -0.317  1.123 
-0.475 -0.329  1.123 
 0.930  0.990
CYL_X
243 // 000 0004
 0.017
-0.500 -0.310  1.100
-0.500 -0.310  1.124
 0.930  0.990
CYL_X
244 // 000 0004
 0.019
-0.500 -0.310  1.100
-0.500 -0.310  1.124
 0.930  0.990
RING
245 // 000 0004
 0.019
 0.017
-0.500 -0.310  1.124 
-0.500 -0.291  1.124 
-0.518 -0.305  1.124 
 0.930  0.990
CIRCLE
246 // 000 0004
 0.017
-0.500 -0.310  1.123 
-0.500 -0.293  1.123 
-0.516 -0.305  1.123 
 0.930  0.990
CYL_X
247 // 000 0004
 0.017
-0.541 -0.334  1.100
-0.541 -0.334  1.124
 0.930  0.990
CYL_X
248 // 000 0004
 0.019
-0.541 -0.334  1.100
-0.541 -0.334  1.124
 0.930  0.990
RING
249 // 000 0004
 0.019
 0.017
-0.541 -0.334  1.124 
-0.541 -0.315  1.124 
-0.559 -0.328  1.124 
 0.930  0.990
CIRCLE
250 // 000 0004
 0.017
-0.541 -0.334  1.123 
-0.541 -0.317  1.123 
-0.557 -0.329  1.123 
 0.930  0.990
CYL_X
251 // 000 0004
 0.017
-0.582 -0.357  1.100
-0.582 -0.357  1.124
 0.930  0.990
CYL_X
252 // 000 0004
 0.019
-0.582 -0.357  1.100
-0.582 -0.357  1.124
 0.930  0.990
RING
253 // 000 0004
 0.019
 0.017
-0.582 -0.357  1.124 
-0.582 -0.339  1.124 
-0.600 -0.352  1.124 
 0.930  0.990
CIRCLE
254 // 000 0004
 0.017
-0.582 -0.357  1.123 
-0.582 -0.341  1.123 
-0.598 -0.353  1.123 
 0.930  0.990
CYL_X
255 // 000 0004
 0.017
-0.623 -0.381  1.100
-0.623 -0.381  1.124
 0.930  0.990
CYL_X
256 // 000 0004
 0.019
-0.623 -0.381  1.100
-0.623 -0.381  1.124
 0.930  0.990
RING
257 // 000 0004
 0.019
 0.017
-0.623 -0.381  1.124 
-0.623 -0.363  1.124 
-0.641 -0.376  1.124 
 0.930  0.990
CIRCLE
258 // 000 0004
 0.017
-0.623 -0.381  1.123 
-0.623 -0.365  1.123 
-0.639 -0.377  1.123 
 0.930  0.990
CYL_X
259 // 000 0004
 0.017
-0.665 -0.405  1.100
-0.665 -0.405  1.124
 0.930  0.990
CYL_X
260 // 000 0004
 0.019
-0.665 -0.405  1.100
-0.665 -0.405  1.124
 0.930  0.990
RING
261 // 000 0004
 0.019
 0.017
-0.665 -0.405  1.124 
-0.665 -0.387  1.124 
-0.682 -0.400  1.124 
 0.930  0.990
CIRCLE
262 // 000 0004
 0.017
-0.665 -0.405  1.123 
-0.665 -0.389  1.123 
-0.680 -0.400  1.123 
 0.930  0.990
CYL_X
263 // 000 0004
 0.017
-0.665 -0.453  1.100
-0.665 -0.453  1.124
 0.930  0.990
CYL_X
264 // 000 0004
 0.019
-0.665 -0.453  1.100
-0.665 -0.453  1.124
 0.930  0.990
RING
265 // 000 0004
 0.019
 0.017
-0.665 -0.453  1.124 
-0.665 -0.434  1.124 
-0.682 -0.447  1.124 
 0.930  0.990
CIRCLE
266 // 000 0004
 0.017
-0.665 -0.453  1.123 
-0.665 -0.436  1.123 
-0.680 -0.448  1.123 
 0.930  0.990
CYL_X
267 // 000 0004
 0.017
-0.665 -0.500  1.100
-0.665 -0.500  1.124
 0.930  0.990
CYL_X
268 // 000 0004
 0.019
-0.665 -0.500  1.100
-0.665 -0.500  1.124
 0.930  0.990
RING
269 // 000 0004
 0.019
 0.017
-0.665 -0.500  1.124 
-0.665 -0.481  1.124 
-0.682 -0.495  1.124 
 0.930  0.990
CIRCLE
270 // 000 0004
 0.017
-0.665 -0.500  1.123 
-0.665 -0.483  1.123 
-0.680 -0.495  1.123 
 0.930  0.990
CYL_X
271 // 000 0004
 0.017
-0.665 -0.548  1.100
-0.665 -0.548  1.124
 0.930  0.990
CYL_X
272 // 000 0004
 0.019
-0.665 -0.548  1.100
-0.665 -0.548  1.124
 0.930  0.990
RING
273 // 000 0004
 0.019
 0.017
-0.665 -0.548  1.124 
-0.665 -0.529  1.124 
-0.682 -0.542  1.124 
 0.930  0.990
CIRCLE
274 // 000 0004
 0.017
-0.665 -0.548  1.123 
-0.665 -0.531  1.123 
-0.680 -0.543  1.123 
 0.930  0.990
CYL_X
275 // 000 0004
 0.017
-0.665 -0.595  1.100
-0.665 -0.595  1.124
 0.930  0.990
CYL_X
276 // 000 0004
 0.019
-0.665 -0.595  1.100
-0.665 -0.595  1.124
 0.930  0.990
RING
277 // 000 0004
 0.019
 0.017
-0.665 -0.595  1.124 
-0.665 -0.577  1.124 
-0.682 -0.590  1.124 
 0.930  0.990
CIRCLE
278 // 000 0004
 0.017
-0.665 -0.595  1.123 
-0.665 -0.579  1.123 
-0.680 -0.590  1.123 
 0.930  0.990
CYL_X
279 // 000 0004
 0.017
-0.623 -0.619  1.100
-0.623 -0.619  1.124
 0.930  0.990
CYL_X
280 // 000 0004
 0.019
-0.623 -0.619  1.100
-0.623 -0.619  1.124
 0.930  0.990
RING
281 // 000 0004
 0.019
 0.017
-0.623 -0.619  1.124 
-0.623 -0.600  1.124 
-0.641 -0.613  1.124 
 0.930  0.990
CIRCLE
282 // 000 0004
 0.017
-0.623 -0.619  1.123 
-0.623 -0.602  1.123 
-0.639 -0.614  1.123 
 0.930  0.990
CYL_X
283 // 000 0004
 0.017
-0.582 -0.642  1.100
-0.582 -0.642  1.124
 0.930  0.990
CYL_X
284 // 000 0004
 0.019
-0.582 -0.642  1.100
-0.582 -0.642  1.124
 0.930  0.990
RING
285 // 000 0004
 0.019
 0.017
-0.582 -0.642  1.124 
-0.582 -0.624  1.124 
-0.600 -0.637  1.124 
 0.930  0.990
CIRCLE
286 // 000 0004
 0.017
-0.582 -0.642  1.123 
-0.582 -0.626  1.123 
-0.598 -0.638  1.123 
 0.930  0.990
CYL_X
287 // 000 0004
 0.017
-0.541 -0.666  1.100
-0.541 -0.666  1.124
 0.930  0.990
CYL_X
288 // 000 0004
 0.019
-0.541 -0.666  1.100
-0.541 -0.666  1.124
 0.930  0.990
RING
289 // 000 0004
 0.019
 0.017
-0.541 -0.666  1.124 
-0.541 -0.648  1.124 
-0.559 -0.661  1.124 
 0.930  0.990
CIRCLE
290 // 000 0004
 0.017
-0.541 -0.666  1.123 
-0.541 -0.650  1.123 
-0.557 -0.662  1.123 
 0.930  0.990
CYL_X
291 // 000 0004
 0.017
-0.500 -0.690  1.100
-0.500 -0.690  1.124
 0.930  0.990
CYL_X
292 // 000 0004
 0.019
-0.500 -0.690  1.100
-0.500 -0.690  1.124
 0.930  0.990
RING
293 // 000 0004
 0.019
 0.017
-0.500 -0.690  1.124 
-0.500 -0.671  1.124 
-0.518 -0.685  1.124 
 0.930  0.990
CIRCLE
294 // 000 0004
 0.017
-0.500 -0.690  1.123 
-0.500 -0.673  1.123 
-0.516 -0.685  1.123 
 0.930  0.990
CYL_X
295 // 000 0004
 0.017
-0.459 -0.666  1.100
-0.459 -0.666  1.124
 0.930  0.990
CYL_X
296 // 000 0004
 0.019
-0.459 -0.666  1.100
-0.459 -0.666  1.124
 0.930  0.990
RING
297 // 000 0004
 0.019
 0.017
-0.459 -0.666  1.124 
-0.459 -0.648  1.124 
-0.477 -0.661  1.124 
 0.930  0.990
CIRCLE
298 // 000 0004
 0.017
-0.459 -0.666  1.123 
-0.459 -0.650  1.123 
-0.475 -0.662  1.123 
 0.930  0.990
CYL_X
299 // 000 0004
 0.017
-0.418 -0.642  1.100
-0.418 -0.642  1.124
 0.930  0.990
CYL_X
300 // 000 0004
 0.019
-0.418 -0.642  1.100
-0.418 -0.642  1.124
 0.930  0.990
RING
301 // 000 0004
 0.019
 0.017
-0.418 -0.642  1.124 
-0.418 -0.624  1.124 
-0.435 -0.637  1.124 
 0.930  0.990
CIRCLE
302 // 000 0004
 0.017
-0.418 -0.642  1.123 
-0.418 -0.626  1.123 
-0.434 -0.638  1.123 
 0.930  0.990
CYL_X
303 // 000 0004
 0.017
-0.377 -0.619  1.100
-0.377 -0.619  1.124
 0.930  0.990
CYL_X
304 // 000 0004
 0.019
-0.377 -0.619  1.100
-0.377 -0.619  1.124
 0.930  0.990
RING
305 // 000 0004
 0.019
 0.017
-0.377 -0.619  1.124 
-0.377 -0.600  1.124 
-0.394 -0.613  1.124 
 0.930  0.990
CIRCLE
306 // 000 0004
 0.017
-0.377 -0.619  1.123 
-0.377 -0.602  1.123 
-0.392 -0.614  1.123 
 0.930  0.990
CYL_X
307 // 000 0004
 0.017
-0.335 -0.595  1.100
-0.335 -0.595  1.124
 0.930  0.990
CYL_X
308 // 000 0004
 0.019
-0.335 -0.595  1.100
-0.335 -0.595  1.124
 0.930  0.990
RING
309 // 000 0004
 0.019
 0.017
-0.335 -0.595  1.124 
-0.335 -0.577  1.124 
-0.353 -0.590  1.124 
 0.930  0.990
CIRCLE
310 // 000 0004
 0.017
-0.335 -0.595  1.123 
-0.335 -0.579  1.123 
-0.351 -0.590  1.123 
 0.930  0.990
CYL_X
311 // 000 0004
 0.017
-0.335 -0.547  1.100
-0.335 -0.547  1.124
 0.930  0.990
CYL_X
312 // 000 0004
 0.019
-0.335 -0.547  1.100
-0.335 -0.547  1.124
 0.930  0.990
RING
313 // 000 0004
 0.019
 0.017
-0.335 -0.547  1.124 
-0.335 -0.529  1.124 
-0.353 -0.542  1.124 
 0.930  0.990
CIRCLE
314 // 000 0004
 0.017
-0.335 -0.547  1.123 
-0.335 -0.531  1.123 
-0.351 -0.543  1.123 
 0.930  0.990
CYL_X
315 // 000 0004
 0.017
-0.335 -0.500  1.100
-0.335 -0.500  1.124
 0.930  0.990
CYL_X
316 // 000 0004
 0.019
-0.335 -0.500  1.100
-0.335 -0.500  1.124
 0.930  0.990
RING
317 // 000 0004
 0.019
 0.017
-0.335 -0.500  1.124 
-0.335 -0.481  1.124 
-0.353 -0.495  1.124 
 0.930  0.990
CIRCLE
318 // 000 0004
 0.017
-0.335 -0.500  1.123 
-0.335 -0.483  1.123 
-0.351 -0.495  1.123 
 0.930  0.990
CYL_X
319 // 000 0004
 0.017
-0.335 -0.452  1.100
-0.335 -0.452  1.124
 0.930  0.990
CYL_X
320 // 000 0004
 0.019
-0.335 -0.452  1.100
-0.335 -0.452  1.124
 0.930  0.990
RING
321 // 000 0004
 0.019
 0.017
-0.335 -0.452  1.124 
-0.335 -0.434  1.124 
-0.353 -0.447  1.124 
 0.930  0.990
CIRCLE
322 // 000 0004
 0.017
-0.335 -0.452  1.123 
-0.335 -0.436  1.123 
-0.351 -0.448  1.123 
 0.930  0.990
CYL_X
323 // 000 0004
 0.017
-0.294 -0.381  1.100
-0.294 -0.381  1.124
 0.930  0.990
CYL_X
324 // 000 0004
 0.019
-0.294 -0.381  1.100
-0.294 -0.381  1.124
 0.930  0.990
RING
325 // 000 0004
 0.019
 0.017
-0.294 -0.381  1.124 
-0.294 -0.363  1.124 
-0.312 -0.376  1.124 
 0.930  0.990
CIRCLE
326 // 000 0004
 0.017
-0.294 -0.381  1.123 
-0.294 -0.365  1.123 
-0.310 -0.377  1.123 
 0.930  0.990
CYL_X
327 // 000 0004
 0.017
-0.335 -0.357  1.100
-0.335 -0.357  1.124
 0.930  0.990
CYL_X
328 // 000 0004
 0.019
-0.335 -0.357  1.100
-0.335 -0.357  1.124
 0.930  0.990
RING
329 // 000 0004
 0.019
 0.017
-0.335 -0.357  1.124 
-0.335 -0.339  1.124 
-0.353 -0.352  1.124 
 0.930  0.990
CIRCLE
330 // 000 0004
 0.017
-0.335 -0.357  1.123 
-0.335 -0.341  1.123 
-0.351 -0.353  1.123 
 0.930  0.990
CYL_X
331 // 000 0004
 0.017
-0.377 -0.334  1.100
-0.377 -0.334  1.124
 0.930  0.990
CYL_X
332 // 000 0004
 0.019
-0.377 -0.334  1.100
-0.377 -0.334  1.124
 0.930  0.990
RING
333 // 000 0004
 0.019
 0.017
-0.377 -0.334  1.124 
-0.377 -0.315  1.124 
-0.394 -0.328  1.124 
 0.930  0.990
CIRCLE
334 // 000 0004
 0.017
-0.377 -0.334  1.123 
-0.377 -0.317  1.123 
-0.392 -0.329  1.123 
 0.930  0.990
CYL_X
335 // 000 0004
 0.017
-0.418 -0.310  1.100
-0.418 -0.310  1.124
 0.930  0.990
CYL_X
336 // 000 0004
 0.019
-0.418 -0.310  1.100
-0.418 -0.310  1.124
 0.930  0.990
RING
337 // 000 0004
 0.019
 0.017
-0.418 -0.310  1.124 
-0.418 -0.291  1.124 
-0.435 -0.305  1.124 
 0.930  0.990
CIRCLE
338 // 000 0004
 0.017
-0.418 -0.310  1.123 
-0.418 -0.293  1.123 
-0.434 -0.305  1.123 
 0.930  0.990
CYL_X
339 // 000 0004
 0.017
-0.459 -0.286  1.100
-0.459 -0.286  1.124
 0.930  0.990
CYL_X
340 // 000 0004
 0.019
-0.459 -0.286  1.100
-0.459 -0.286  1.124
 0.930  0.990
RING
341 // 000 0004
 0.019
 0.017
-0.459 -0.286  1.124 
-0.459 -0.268  1.124 
-0.477 -0.281  1.124 
 0.930  0.990
CIRCLE
342 // 000 0004
 0.017
-0.459 -0.286  1.123 
-0.459 -0.270  1.123 
-0.475 -0.282  1.123 
 0.930  0.990
CYL_X
343 // 000 0004
 0.017
-0.500 -0.263  1.100
-0.500 -0.263  1.124
 0.930  0.990
CYL_X
344 // 000 0004
 0.019
-0.500 -0.263  1.100
-0.500 -0.263  1.124
 0.930  0.990
RING
345 // 000 0004
 0.019
 0.017
-0.500 -0.263  1.124 
-0.500 -0.244  1.124 
-0.518 -0.257  1.124 
 0.930  0.990
CIRCLE
346 // 000 0004
 0.017
-0.500 -0.263  1.123 
-0.500 -0.246  1.123 
-0.516 -0.258  1.123 
 0.930  0.990
CYL_X
347 // 000 0004
 0.017
-0.541 -0.286  1.100
-0.541 -0.286  1.124
 0.930  0.990
CYL_X
348 // 000 0004
 0.019
-0.541 -0.286  1.100
-0.541 -0.286  1.124
 0.930  0.990
RING
349 // 000 0004
 0.019
 0.017
-0.541 -0.286  1.124 
-0.541 -0.268  1.124 
-0.559 -0.281  1.124 
 0.930  0.990
CIRCLE
350 // 000 0004
 0.017
-0.541 -0.286  1.123 
-0.541 -0.270  1.123 
-0.557 -0.282  1.123 
 0.930  0.990
CYL_X
351 // 000 0004
 0.017
-0.582 -0.310  1.100
-0.582 -0.310  1.124
 0.930  0.990
CYL_X
352 // 000 0004
 0.019
-0.582 -0.310  1.100
-0.582 -0.310  1.124
 0.930  0.990
RING
353 // 000 0004
 0.019
 0.017
-0.582 -0.310  1.124 
-0.582 -0.291  1.124 
-0.600 -0.305  1.124 
 0.930  0.990
CIRCLE
354 // 000 0004
 0.017
-0.582 -0.310  1.123 
-0.582 -0.293  1.123 
-0.598 -0.305  1.123 
 0.930  0.990
CYL_X
355 // 000 0004
 0.017
-0.623 -0.334  1.100
-0.623 -0.334  1.124
 0.930  0.990
CYL_X
356 // 000 0004
 0.019
-0.623 -0.334  1.100
-0.623 -0.334  1.124
 0.930  0.990
RING
357 // 000 0004
 0.019
 0.017
-0.623 -0.334  1.124 
-0.623 -0.315  1.124 
-0.641 -0.328  1.124 
 0.930  0.990
CIRCLE
358 // 000 0004
 0.017
-0.623 -0.334  1.123 
-0.623 -0.317  1.123 
-0.639 -0.329  1.123 
 0.930  0.990
CYL_X
359 // 000 0004
 0.017
-0.665 -0.358  1.100
-0.665 -0.358  1.124
 0.930  0.990
CYL_X
360 // 000 0004
 0.019
-0.665 -0.358  1.100
-0.665 -0.358  1.124
 0.930  0.990
RING
361 // 000 0004
 0.019
 0.017
-0.665 -0.358  1.124 
-0.665 -0.339  1.124 
-0.682 -0.352  1.124 
 0.930  0.990
CIRCLE
362 // 000 0004
 0.017
-0.665 -0.358  1.123 
-0.665 -0.341  1.123 
-0.680 -0.353  1.123 
 0.930  0.990
CYL_X
363 // 000 0004
 0.017
-0.706 -0.381  1.100
-0.706 -0.381  1.124
 0.930  0.990
CYL_X
364 // 000 0004
 0.019
-0.706 -0.381  1.100
-0.706 -0.381  1.124
 0.930  0.990
RING
365 // 000 0004
 0.019
 0.017
-0.706 -0.381  1.124 
-0.706 -0.363  1.124 
-0.723 -0.376  1.124 
 0.930  0.990
CIRCLE
366 // 000 0004
 0.017
-0.706 -0.381  1.123 
-0.706 -0.365  1.123 
-0.721 -0.377  1.123 
 0.930  0.990
CYL_X
367 // 000 0004
 0.017
-0.706 -0.429  1.100
-0.706 -0.429  1.124
 0.930  0.990
CYL_X
368 // 000 0004
 0.019
-0.706 -0.429  1.100
-0.706 -0.429  1.124
 0.930  0.990
RING
369 // 000 0004
 0.019
 0.017
-0.706 -0.429  1.124 
-0.706 -0.410  1.124 
-0.723 -0.423  1.124 
 0.930  0.990
CIRCLE
370 // 000 0004
 0.017
-0.706 -0.429  1.123 
-0.706 -0.412  1.123 
-0.721 -0.424  1.123 
 0.930  0.990
CYL_X
371 // 000 0004
 0.017
-0.706 -0.476  1.100
-0.706 -0.476  1.124
 0.930  0.990
CYL_X
372 // 000 0004
 0.019
-0.706 -0.476  1.100
-0.706 -0.476  1.124
 0.930  0.990
RING
373 // 000 0004
 0.019
 0.017
-0.706 -0.476  1.124 
-0.706 -0.458  1.124 
-0.723 -0.471  1.124 
 0.930  0.990
CIRCLE
374 // 000 0004
 0.017
-0.706 -0.476  1.123 
-0.706 -0.460  1.123 
-0.721 -0.472  1.123 
 0.930  0.990
CYL_X
375 // 000 0004
 0.017
-0.706 -0.524  1.100
-0.706 -0.524  1.124
 0.930  0.990
CYL_X
376 // 000 0004
 0.019
-0.706 -0.524  1.100
-0.706 -0.524  1.124
 0.930  0.990
RING
377 // 000 0004
 0.019
 0.017
-0.706 -0.524  1.124 
-0.706 -0.505  1.124 
-0.723 -0.518  1.124 
 0.930  0.990
CIRCLE
378 // 000 0004
 0.017
-0.706 -0.524  1.123 
-0.706 -0.507  1.123 
-0.721 -0.519  1.123 
 0.930  0.990
CYL_X
379 // 000 0004
 0.017
-0.706 -0.571  1.100
-0.706 -0.571  1.124
 0.930  0.990
CYL_X
380 // 000 0004
 0.019
-0.706 -0.571  1.100
-0.706 -0.571  1.124
 0.930  0.990
RING
381 // 000 0004
 0.019
 0.017
-0.706 -0.571  1.124 
-0.706 -0.553  1.124 
-0.723 -0.566  1.124 
 0.930  0.990
CIRCLE
382 // 000 0004
 0.017
-0.706 -0.571  1.123 
-0.706 -0.555  1.123 
-0.721 -0.567  1.123 
 0.930  0.990
CYL_X
383 // 000 0004
 0.017
-0.706 -0.619  1.100
-0.706 -0.619  1.124
 0.930  0.990
CYL_X
384 // 000 0004
 0.019
-0.706 -0.619  1.100
-0.706 -0.619  1.124
 0.930  0.990
RING
385 // 000 0004
 0.019
 0.017
-0.706 -0.619  1.124 
-0.706 -0.600  1.124 
-0.723 -0.613  1.124 
 0.930  0.990
CIRCLE
386 // 000 0004
 0.017
-0.706 -0.619  1.123 
-0.706 -0.602  1.123 
-0.721 -0.614  1.123 
 0.930  0.990
CYL_X
387 // 000 0004
 0.017
-0.665 -0.643  1.100
-0.665 -0.643  1.124
 0.930  0.990
CYL_X
388 // 000 0004
 0.019
-0.665 -0.643  1.100
-0.665 -0.643  1.124
 0.930  0.990
RING
389 // 000 0004
 0.019
 0.017
-0.665 -0.643  1.124 
-0.665 -0.624  1.124 
-0.682 -0.637  1.124 
 0.930  0.990
CIRCLE
390 // 000 0004
 0.017
-0.665 -0.643  1.123 
-0.665 -0.626  1.123 
-0.680 -0.638  1.123 
 0.930  0.990
CYL_X
391 // 000 0004
 0.017
-0.623 -0.666  1.100
-0.623 -0.666  1.124
 0.930  0.990
CYL_X
392 // 000 0004
 0.019
-0.623 -0.666  1.100
-0.623 -0.666  1.124
 0.930  0.990
RING
393 // 000 0004
 0.019
 0.017
-0.623 -0.666  1.124 
-0.623 -0.648  1.124 
-0.641 -0.661  1.124 
 0.930  0.990
CIRCLE
394 // 000 0004
 0.017
-0.623 -0.666  1.123 
-0.623 -0.650  1.123 
-0.639 -0.662  1.123 
 0.930  0.990
CYL_X
395 // 000 0004
 0.017
-0.582 -0.690  1.100
-0.582 -0.690  1.124
 0.930  0.990
CYL_X
396 // 000 0004
 0.019
-0.582 -0.690  1.100
-0.582 -0.690  1.124
 0.930  0.990
RING
397 // 000 0004
 0.019
 0.017
-0.582 -0.690  1.124 
-0.582 -0.672  1.124 
-0.600 -0.685  1.124 
 0.930  0.990
CIRCLE
398 // 000 0004
 0.017
-0.582 -0.690  1.123 
-0.582 -0.674  1.123 
-0.598 -0.685  1.123 
 0.930  0.990
CYL_X
399 // 000 0004
 0.017
-0.541 -0.714  1.100
-0.541 -0.714  1.124
 0.930  0.990
CYL_X
400 // 000 0004
 0.019
-0.541 -0.714  1.100
-0.541 -0.714  1.124
 0.930  0.990
RING
401 // 000 0004
 0.019
 0.017
-0.541 -0.714  1.124 
-0.541 -0.695  1.124 
-0.559 -0.708  1.124 
 0.930  0.990
CIRCLE
402 // 000 0004
 0.017
-0.541 -0.714  1.123 
-0.541 -0.697  1.123 
-0.557 -0.709  1.123 
 0.930  0.990
CYL_X
403 // 000 0004
 0.017
-0.500 -0.738  1.100
-0.500 -0.738  1.124
 0.930  0.990
CYL_X
404 // 000 0004
 0.019
-0.500 -0.738  1.100
-0.500 -0.738  1.124
 0.930  0.990
RING
405 // 000 0004
 0.019
 0.017
-0.500 -0.738  1.124 
-0.500 -0.719  1.124 
-0.518 -0.732  1.124 
 0.930  0.990
CIRCLE
406 // 000 0004
 0.017
-0.500 -0.738  1.123 
-0.500 -0.721  1.123 
-0.516 -0.733  1.123 
 0.930  0.990
CYL_X
407 // 000 0004
 0.017
-0.459 -0.714  1.100
-0.459 -0.714  1.124
 0.930  0.990
CYL_X
408 // 000 0004
 0.019
-0.459 -0.714  1.100
-0.459 -0.714  1.124
 0.930  0.990
RING
409 // 000 0004
 0.019
 0.017
-0.459 -0.714  1.124 
-0.459 -0.695  1.124 
-0.477 -0.708  1.124 
 0.930  0.990
CIRCLE
410 // 000 0004
 0.017
-0.459 -0.714  1.123 
-0.459 -0.697  1.123 
-0.475 -0.709  1.123 
 0.930  0.990
CYL_X
411 // 000 0004
 0.017
-0.418 -0.690  1.100
-0.418 -0.690  1.124
 0.930  0.990
CYL_X
412 // 000 0004
 0.019
-0.418 -0.690  1.100
-0.418 -0.690  1.124
 0.930  0.990
RING
413 // 000 0004
 0.019
 0.017
-0.418 -0.690  1.124 
-0.418 -0.672  1.124 
-0.435 -0.685  1.124 
 0.930  0.990
CIRCLE
414 // 000 0004
 0.017
-0.418 -0.690  1.123 
-0.418 -0.674  1.123 
-0.434 -0.685  1.123 
 0.930  0.990
CYL_X
415 // 000 0004
 0.017
-0.377 -0.666  1.100
-0.377 -0.666  1.124
 0.930  0.990
CYL_X
416 // 000 0004
 0.019
-0.377 -0.666  1.100
-0.377 -0.666  1.124
 0.930  0.990
RING
417 // 000 0004
 0.019
 0.017
-0.377 -0.666  1.124 
-0.377 -0.648  1.124 
-0.394 -0.661  1.124 
 0.930  0.990
CIRCLE
418 // 000 0004
 0.017
-0.377 -0.666  1.123 
-0.377 -0.650  1.123 
-0.392 -0.662  1.123 
 0.930  0.990
CYL_X
419 // 000 0004
 0.017
-0.335 -0.643  1.100
-0.335 -0.643  1.124
 0.930  0.990
CYL_X
420 // 000 0004
 0.019
-0.335 -0.643  1.100
-0.335 -0.643  1.124
 0.930  0.990
RING
421 // 000 0004
 0.019
 0.017
-0.335 -0.643  1.124 
-0.335 -0.624  1.124 
-0.353 -0.637  1.124 
 0.930  0.990
CIRCLE
422 // 000 0004
 0.017
-0.335 -0.643  1.123 
-0.335 -0.626  1.123 
-0.351 -0.638  1.123 
 0.930  0.990
CYL_X
423 // 000 0004
 0.017
-0.294 -0.619  1.100
-0.294 -0.619  1.124
 0.930  0.990
CYL_X
424 // 000 0004
 0.019
-0.294 -0.619  1.100
-0.294 -0.619  1.124
 0.930  0.990
RING
425 // 000 0004
 0.019
 0.017
-0.294 -0.619  1.124 
-0.294 -0.600  1.124 
-0.312 -0.613  1.124 
 0.930  0.990
CIRCLE
426 // 000 0004
 0.017
-0.294 -0.619  1.123 
-0.294 -0.602  1.123 
-0.310 -0.614  1.123 
 0.930  0.990
CYL_X
427 // 000 0004
 0.017
-0.294 -0.571  1.100
-0.294 -0.571  1.124
 0.930  0.990
CYL_X
428 // 000 0004
 0.019
-0.294 -0.571  1.100
-0.294 -0.571  1.124
 0.930  0.990
RING
429 // 000 0004
 0.019
 0.017
-0.294 -0.571  1.124 
-0.294 -0.553  1.124 
-0.312 -0.566  1.124 
 0.930  0.990
CIRCLE
430 // 000 0004
 0.017
-0.294 -0.571  1.123 
-0.294 -0.555  1.123 
-0.310 -0.567  1.123 
 0.930  0.990
CYL_X
431 // 000 0004
 0.017
-0.294 -0.524  1.100
-0.294 -0.524  1.124
 0.930  0.990
CYL_X
432 // 000 0004
 0.019
-0.294 -0.524  1.100
-0.294 -0.524  1.124
 0.930  0.990
RING
433 // 000 0004
 0.019
 0.017
-0.294 -0.524  1.124 
-0.294 -0.505  1.124 
-0.312 -0.518  1.124 
 0.930  0.990
CIRCLE
434 // 000 0004
 0.017
-0.294 -0.524  1.123 
-0.294 -0.507  1.123 
-0.310 -0.519  1.123 
 0.930  0.990
CYL_X
435 // 000 0004
 0.017
-0.294 -0.476  1.100
-0.294 -0.476  1.124
 0.930  0.990
CYL_X
436 // 000 0004
 0.019
-0.294 -0.476  1.100
-0.294 -0.476  1.124
 0.930  0.990
RING
437 // 000 0004
 0.019
 0.017
-0.294 -0.476  1.124 
-0.294 -0.458  1.124 
-0.312 -0.471  1.124 
 0.930  0.990
CIRCLE
438 // 000 0004
 0.017
-0.294 -0.476  1.123 
-0.294 -0.460  1.123 
-0.310 -0.472  1.123 
 0.930  0.990
CYL_X
439 // 000 0004
 0.017
-0.294 -0.429  1.100
-0.294 -0.429  1.124
 0.930  0.990
CYL_X
440 // 000 0004
 0.019
-0.294 -0.429  1.100
-0.294 -0.429  1.124
 0.930  0.990
RING
441 // 000 0004
 0.019
 0.017
-0.294 -0.429  1.124 
-0.294 -0.410  1.124 
-0.312 -0.423  1.124 
 0.930  0.990
CIRCLE
442 // 000 0004
 0.017
-0.294 -0.429  1.123 
-0.294 -0.412  1.123 
-0.310 -0.424  1.123 
 0.930  0.990
